<?xml version="1.0" encoding="UTF-8" standalone="no"?>
<svg
   xmlns:dc="http://purl.org/dc/elements/1.1/"
   xmlns:cc="http://creativecommons.org/ns#"
   xmlns:rdf="http://www.w3.org/1999/02/22-rdf-syntax-ns#"
   xmlns:svg="http://www.w3.org/2000/svg"
   xmlns="http://www.w3.org/2000/svg"
   id="svg8"
   version="1.1"
   viewBox="0 0 210 297"
   height="297mm"
   width="210mm">
  <defs
     id="defs2" />
  <metadata
     id="metadata5">
    <rdf:RDF>
      <cc:Work
         rdf:about="">
        <dc:format>image/svg+xml</dc:format>
        <dc:type
           rdf:resource="http://purl.org/dc/dcmitype/StillImage" />
        <dc:title></dc:title>
      </cc:Work>
    </rdf:RDF>
  </metadata>
  <g
     id="layer1">
    <path
       id="path30"
       d="m 63.412736,292.33701 c -3.083847,-0.16615 -7.027098,-0.50054 -7.849207,-0.66564 l -0.487808,-0.098 v -70.91409 c 0,-39.00276 -0.02963,-70.94483 -0.06583,-70.98239 -0.0362,-0.0376 -1.213603,0.38233 -2.6164,0.93309 -1.402798,0.55075 -13.076719,4.90523 -25.942059,9.67659 -12.865333,4.77138 -23.5022813,8.71929 -23.6376674,8.77316 -0.2086228,0.083 -0.2391876,-1.64966 -0.2004571,-11.36486 l 0.045719,-11.46278 26.1640295,-9.76728 26.16403,-9.76728 0.04666,-6.38041 0.04666,-6.3804 -0.667489,0.30558 c -4.107043,1.88023 -13.549757,5.61238 -16.720672,6.6087 -1.024389,0.32188 -7.889118,2.88482 -15.254962,5.69543 C 9.9336447,131.31755 4.9527559,133.0904 3.2662821,133.37 l -0.6959212,0.11538 V 122.0793 110.67322 l 0.6651886,-0.26593 c 0.365851,-0.14626 12.1792945,-4.47948 26.2520965,-9.62937 l 25.586915,-9.363438 6.23e-4,-42.529637 6.23e-4,-42.5296397 H 68.911702 82.747597 V 43.597376 c 0,20.483195 0.02192,37.242169 0.04874,37.242169 0.02682,0 18.872853,-7.07601 41.880133,-15.724471 23.00728,-8.648459 41.90328,-15.724472 41.99112,-15.724472 0.093,0 0.15969,4.755576 0.15969,11.378313 v 11.378311 l -13.43677,5.052899 c -7.39024,2.779095 -26.30698,9.886697 -42.03722,15.794681 l -28.600436,10.741784 -0.0027,6.19712 -0.0027,6.19712 0.93126,-0.33778 c 19.482646,-7.06667 48.397326,-17.841442 62.305886,-23.217674 9.95119,-3.846547 18.71171,-7.231018 19.46781,-7.521034 l 1.37472,-0.527303 v 11.270808 c 0,8.731793 -0.0499,11.339333 -0.22174,11.575003 -0.12733,0.17469 -17.47771,6.73188 -40.7538,15.40198 -23.5491,8.77182 -41.052257,15.38761 -41.773681,15.78949 l -1.24168,0.69171 -0.04458,61.66548 -0.04459,61.6655 1.020212,-0.12674 c 2.192874,-0.27241 8.251725,-1.40081 10.864987,-2.02351 15.972062,-3.80586 30.128722,-10.96896 43.281512,-21.89997 17.40651,-14.46618 29.1866,-31.85995 35.86724,-52.95939 2.99898,-9.47167 4.95856,-21.53948 5.23363,-32.23057 l 0.1053,-4.09204 h 13.98665 13.98666 v 2.71584 c 0,4.78837 -0.52995,11.62366 -1.35078,17.42252 -1.7302,12.22307 -5.05661,24.09094 -10.0165,35.73641 -1.2321,2.8929 -5.7205,12.07643 -7.72427,15.80433 -7.99859,14.88081 -17.81143,26.76388 -32.65006,39.53835 -20.91799,18.0081 -47.74432,29.29275 -75.087439,31.58597 -4.18976,0.35139 -12.846019,0.4946 -16.851412,0.2788 z"
       style="fill:#000000;stroke-width:0.18061811" />
  </g>
</svg>
